19.38370463414803 43.05541992187501 111.390000
20.573653323563335 43.31085205078126 23.270000
20.416716988945712 43.73245239257813 24.110000
18.34409780210156 42.26715087890626 32.160000
18.05056137602646 41.84280395507813 23.190000
18.104087015773956 42.83981323242188 33.490000
17.956525708106852 42.41821289062501 14.380000
18.166730410221938 43.428955078125 28.930000
19.880391767822505 41.978759765625 14.020000
19.539084135509334 41.80297851562501 20.190000
20.14104895622892 42.11196899414063 18.450000
18.760712758499565 41.90185546875001 29.040000
19.10040406676543 41.94580078125001 9.250000
18.40013942793085 41.86752319335938 10.470000
20.144916842087923 42.11059570312501 18.140000
18.42489620284244 41.54205322265626 24.140000
19.274202470923406 41.89498901367188 10.750000
19.064064852093967 41.69036865234376 11.220000
17.837603506092073 43.50860595703126 8.230000
19.663280219987662 41.93206787109376 10.070000
20.04077288871644 41.90597534179688 5.330000
18.758112082290626 41.89910888671876 28.420000
18.393623895475336 41.55303955078126 25.930000
18.396230138028827 41.88262939453126 7.940000
18.99850435028361 41.54479980468751 5.310000
17.7722277744277 43.21746826171875 19.740000
17.83433528875806 43.51753234863282 9.050000
17.655799841508077 43.48320007324219 11.340000
19.095213238620147 41.94580078125001 9.410000
17.536022908221472 43.58688354492188 5.520000
18.437924653474408 43.73519897460938 15.060000
19.062117883514652 41.69036865234376 11.380000
18.918628456746315 41.61621093750001 6.280000
17.660379894293982 43.482513427734375 11.730000
17.536677642553208 43.58345031738282 5.390000
17.778766425198363 43.21060180664063 20.050000
18.44053022510719 43.736572265625 15.980000
17.465297700926097 43.64902496337891 5.070000
