24.637031353509528 49.38354492187501 135.730000
21.381474908405597 54.37133789062501 105.760000
18.323240460443397 45.10986328125001 96.810000
27.955591004642553 46.62597656250001 122.530000
18.18238775108558 46.96655273437501 102.380000
26.902476886279832 48.81225585937501 122.080000
23.74009762440226 51.5863037109375 26.160000
23.98625259984181 50.97656250000001 41.190000
21.53484700204879 50.71289062500001 239.800000
24.633286469281973 50.79872131347657 7.140000
24.20563707758362 51.45721435546876 13.290000
24.38587655729912 51.286239624023445 13.120000
24.419642928396613 51.035614013671875 7.320000
24.56336137530924 51.4599609375 8.200000
24.457150524185852 50.841293334960945 12.970000
23.175713800385203 48.55957031250001 46.420000
22.136531637609686 48.11462402343751 25.190000
22.563293244707797 48.30139160156251 27.340000
22.136531637609686 48.11462402343751 25.190000
28.2027676859484 48.19702148437501 36.510000
21.49651911483375 48.02673339843751 17.780000
28.486798188459765 48.57192993164063 12.430000
28.510935880224274 48.75904083251954 6.190000
28.23180985121183 48.8397216796875 25.870000
25.799891182088334 50.17044067382813 15.780000
25.99014369697799 49.85321044921876 22.240000
26.687956515184393 50.240478515625 21.890000
26.030872142605407 50.17181396484376 9.990000
26.540315763105397 50.0262451171875 5.050000
26.310650616574282 50.10864257812501 21.800000
26.235225903970225 49.851493835449226 5.110000
25.631621577258493 48.076171875 36.650000
22.527779798694564 54.05273437500001 25.520000
22.39579284633253 53.34960937500001 49.160000
20.128155311797183 53.31665039062501 68.880000
20.11010242300902 54.3218994140625 35.070000
22.055096050575845 55.37658691406251 22.310000
22.510019650257966 54.53887939453126 21.510000
19.488602135997724 51.85821533203126 17.200000
19.58308121001252 49.21051025390625 27.360000
19.42644883261674 48.89602661132813 9.960000
19.880391767822505 48.43322753906251 59.750000
19.502842244396035 47.801513671875 18.520000
19.557202031700292 52.42950439453126 43.310000
20.3034175184893 54.853363037109375 24.090000
21.115249309963783 48.17504882812501 27.190000
20.622502259344817 48.37829589843751 22.260000
25.06942900282138 47.87979125976563 22.970000
21.91310799009158 48.34053039550781 8.880000
21.37124437061832 53.17932128906251 15.140000
26.76277822801415 47.31536865234376 26.790000
21.70974890189897 48.25057983398438 15.290000
27.834218586009197 45.07141113281251 28.240000
28.285033294640684 45.18676757812501 23.380000
27.401032392938866 45.34194946289063 18.090000
28.835049972635176 45.39962768554688 32.890000