20.037870053952016 41.42944335937501 41.370000
20.58136735381002 41.502227783203125 19.220000
20.431517021189904 41.83319091796876 19.260000
19.758949123832704 41.085433959960945 6.250000
19.970122028658672 40.96801757812501 7.220000
20.11719487781688 40.95153808593751 9.080000
20.267350272759373 41.05316162109376 5.470000
20.4495325296512 41.30447387695313 5.970000
20.207434361592743 41.84486389160157 5.930000
20.45403607682952 42.06939697265626 5.370000
19.694314241825747 41.172637939453125 5.240000
19.598606721590237 41.472702026367195 7.600000