27.576460076262716 41.42944335937501 146.410000
27.090918424026473 42.97714233398438 15.480000
28.081673729044283 43.9288330078125 23.650000
28.004101830368654 43.27239990234375 40.950000
27.415662034561 43.16253662109376 24.910000
25.972860695923938 40.51208496093751 53.520000
28.188243641850313 39.75952148437501 32.330000
26.58852714730864 40.06439208984376 27.190000
25.987674852384966 41.35803222656251 29.520000
26.985723763197157 39.87487792968751 20.820000
28.51696944040106 40.12207031250001 17.340000
26.145576207592274 41.82495117187501 18.730000
28.69058765425071 40.39672851562501 14.570000
29.008140362978157 41.70410156250001 16.580000
28.936054482136672 42.06115722656251 17.660000
28.521796040000677 42.67089843750001 15.200000
28.314053058069618 42.835693359375 13.310000
28.69058765425071 42.4456787109375 13.640000
28.801359986481774 42.25341796875 10.760000