29.754839972510933 39.81445312500001 113.560000
30.168875561169088 41.80847167968751 9.610000
29.358239465729348 41.24267578125001 30.280000
29.49698759653577 38.4796142578125 18.270000
30.616641134091196 38.68011474609375 31.340000
30.0405664305846 38.15551757812501 49.730000
31.327832853583566 37.716064453125 37.050000
29.069373852431667 40.89523315429688 16.010000
30.670990790779197 38.13354492187501 20.780000
30.17362455035856 41.31408691406251 37.570000
30.833266687753582 38.36116790771485 7.520000
31.02234042904364 38.06762695312501 10.000000
30.796114909344855 39.16076660156251 18.380000
29.74172456188616 41.13006591796875 13.500000
29.69282473938078 41.35253906250001 8.950000
28.608637026615575 39.41619873046876 19.530000
29.008140362978157 38.88610839843751 8.250000
28.77849271929016 39.14566040039063 12.580000
28.918025168972473 39.01382446289063 6.820000
29.284003336047167 38.37661743164063 7.160000
29.08977693862319 38.288726806640625 7.930000
29.020149792758527 41.32369995117188 7.810000
29.009341368780014 41.14654541015626 9.550000
30.57408532473883 40.87738037109376 23.320000
30.881012137733634 37.8533935546875 14.760000