17.348016751340545 42.644805908203125 46.240000
17.33228621633803 43.163909912109375 8.890000
17.025929237974147 43.06915283203125 11.250000
17.180811050197295 43.109664916992195 6.340000
16.781533362973697 43.185882568359375 5.630000
16.737482256106972 42.890625 26.050000
16.853176767092155 42.58575439453126 9.110000
17.528820674552627 43.10039520263672 5.920000
17.733644868759246 42.18269348144532 18.760000
17.9712220857446 42.15625762939453 7.830000
16.446951546697324 42.87551879882813 6.320000
16.46901170204806 42.75054931640625 7.090000