24.273825 39.999997 115.590000
25.940561 38.901131 98.800000
24.714085 38.496436 42.770000
26.961456 37.496449 43.120000
27.416571 37.662169 10.270000
26.335114 37.678310 29.250000
26.645004 38.043288 21.610000
24.796708 41.490080 47.070000
25.235236 40.967968 29.500000
23.027151 40.601032 35.840000
23.830501 41.373119 32.810000
23.418362 41.014687 25.020000
23.092932 41.060350 11.520000
22.958658 40.986981 5.160000
23.930860 38.462149 44.930000
24.211433 41.733643 22.790000
24.260737 41.315177 15.460000
23.200330 41.237140 8.320000
23.308207 41.268717 4.160000
23.228882 41.385381 6.460000
22.913101 40.100360 17.490000
22.610208 40.201553 12.340000
22.752121 40.308642 6.690000
22.685916 40.405553 5.600000
22.649967 40.569620 6.160000
22.667244 40.675336 4.730000
23.155513 40.077846 9.620000
23.180764 40.226123 5.810000
23.392682 39.110972 9.940000
25.309270 37.958473 14.700000
25.923467 37.749786 17.590000
26.512362 37.315340 9.940000
27.310774 37.073535 10.990000
27.215556 36.866221 11.670000
23.297069 39.313354 13.140000
23.197174 39.566192 12.070000
23.596711 38.937956 15.610000
23.488439 38.652797 7.170000
24.784241 42.047685 8.340000
25.324167 40.579238 8.730000
24.329579 38.770562 7.960000
24.724380 37.935828 7.260000
25.090574 38.114020 12.760000
24.937503 38.031791 5.230000
27.139813 37.034881 6.740000
24.392140 37.894399 26.620000
24.380873 37.486107 14.760000
24.595831 37.572644 6.530000
24.358357 38.219615 8.480000