21.181143 39.909119 147.740000
22.100900 42.100800 99.120000
20.970932 41.655098 34.830000
20.879608 42.359173 39.170000
21.199821 43.034000 39.980000
22.078005 43.271238 21.690000
21.714852 43.197059 19.670000
22.401663 43.228572 14.530000
22.475609 43.417738 6.540000
22.317684 43.400899 5.460000
22.269082 43.100373 5.320000
22.477182 43.039993 6.320000
22.798770 42.874198 12.050000
22.651086 42.923950 5.250000
21.516323 43.333539 6.840000
21.024264 43.504542 10.800000
20.910134 43.365813 7.610000
20.828010 42.799944 7.600000
21.249342 42.576814 7.660000
21.619133 42.973014 5.440000
20.448889 42.242466 9.940000
20.742951 41.954984 5.410000
23.325863 41.772549 31.860000
23.386380 41.370081 7.510000
22.791375 41.203698 21.080000
23.014020 41.470178 14.910000
23.117628 42.148682 13.700000
23.750154 41.882201 10.410000
23.898394 41.843740 6.500000
23.629427 42.003079 8.530000
23.429229 42.123124 5.880000
22.941954 41.650636 5.310000
23.034353 41.252289 6.700000
23.517404 42.077044 5.320000
23.313883 42.148472 6.360000
22.450380 40.909362 27.060000
22.520169 40.427570 9.950000
22.454187 40.575920 6.950000
22.760986 40.921612 7.440000
22.126355 41.039743 9.420000
22.791375 39.199410 38.590000
23.238822 38.823041 20.170000
22.672313 39.779074 18.210000
23.014020 39.732371 12.330000
22.857195 39.641617 6.790000
23.024764 39.550137 5.510000
23.187076 39.077665 5.690000
22.535391 39.542667 6.990000
23.033295 39.902028 5.200000
22.379286 39.081614 8.620000
22.624152 40.017679 5.150000
21.343107 41.421283 9.320000
19.826142 40.693382 23.170000
20.313721 41.091729 6.590000
20.439882 41.152765 5.780000
19.562378 40.881562 8.740000
19.506726 41.610968 22.700000
19.747963 41.765358 7.590000
19.418030 40.994148 11.070000
19.208725 41.158295 17.710000
18.975130 41.271697 10.820000
18.940712 41.094397 7.380000
18.802968 41.228324 9.160000
18.638438 41.450236 16.140000
19.296886 41.396626 9.480000
18.413821 41.655420 13.980000
18.643643 41.678098 7.530000
18.388411 41.424077 11.110000
18.228047 41.539461 10.450000