18.271086109608888 46.1041259765625 111.730000
19.11143403582964 47.01049804687501 23.090000
17.78007412664325 47.41149902343751 36.250000
18.682675052185562 47.77404785156251 70.300000
17.983957957423037 44.49462890625001 59.480000
18.859508700693763 44.77478027343751 40.870000
17.552390557057297 43.89312744140626 20.170000
18.869904894964883 44.30374145507813 7.520000
18.308899579147358 43.94393920898438 8.380000
18.093644270502615 43.83682250976563 11.190000
18.588982352118453 44.04968261718751 5.020000
19.313735384650652 44.95880126953125 13.690000
19.311143355064655 44.61547851562501 11.630000
19.101052908834284 45.25817871093751 15.940000
17.60083012593064 45.10162353515626 17.850000
19.10624355377579 51.31439208984376 24.270000
19.202241064923054 45.48202514648438 10.300000
18.44053022510719 44.95330810546876 9.580000
18.71909713096968 49.29840087890626 8.390000
18.492633354495656 48.54583740234376 14.750000
19.19835036116298 48.36456298828126 14.090000
19.146465526304357 51.74011230468751 20.410000
19.004996642802364 49.581298828125 36.320000
19.067309748918028 50.80902099609376 28.560000
19.033559718886284 50.23223876953126 32.040000
19.254108316440046 49.92736816406251 8.790000
18.464629889110338 44.08744812011719 9.060000
18.643642706975996 44.2584228515625 17.800000
18.92707243132613 48.83148193359376 43.280000
17.857211550020164 43.790130615234375 15.620000
17.24574420800713 47.13684082031251 29.280000