29.66896252599253 42.71484375000001 82.500000
30.63318556699761 42.07489013671875 40.100000
31.452096498983657 40.02868652343751 60.300000
31.16580958786196 41.02844238281251 39.880000
29.00333620017934 43.99475097656251 61.320000
28.413144152002808 44.64294433593751 29.990000
28.736355682639356 43.12408447265625 28.950000
31.057639814130123 41.66564941406251 21.820000
30.786677249436945 41.42395019531251 16.690000
29.726222319395504 41.67388916015626 18.670000
31.923027019273864 39.35165405273438 21.710000
31.018809770791577 38.329925537109375 12.580000
29.099376992628493 44.71847534179688 10.070000
29.28160772298835 41.81121826171876 14.310000
29.479056701631006 41.73156738281251 8.840000
30.540973445353874 42.636566162109375 14.790000
29.685666670118724 43.76129150390626 17.830000
28.84226783718748 44.82147216796875 20.790000
31.438037173124464 38.80920410156251 52.600000