25.15522939494057 42.88513183593751 30.680000
24.93127614538456 42.43194580078125 21.630000
25.010950810695284 42.13119506835938 10.080000
24.78860469187607 42.19024658203125 7.300000
24.819146481739093 43.03207397460938 9.300000
24.65076163520743 43.05404663085938 9.620000
24.710657915365587 42.76565551757813 20.110000
26.155437968713574 43.47839355468751 95.160000
27.366889032381295 44.09088134765626 53.230000
25.53252846853444 42.21496582031251 48.420000
25.593232735248666 44.31747436523438 9.490000
25.201213475204383 43.30947875976563 12.200000
25.30554528239941 41.67251586914063 11.710000
25.762793355586652 44.5330810546875 18.660000
25.553592617284565 41.54891967773438 18.640000
27.50096297646164 44.78302001953126 16.100000
26.133247834392662 42.33581542968751 18.610000
27.13736835979561 43.46466064453126 13.190000
27.94831249925043 44.40673828125 18.360000