25.84918 45.867098 109.02
22.846683 45.810203 240.14
20.16654 47.011926 84.3
23.735163 42.90375 79.88
24.826355 44.021338 50.48
25.125143 44.713402 40.0
20.086293 45.053941 82.57
26.627694 44.768574 36.01
25.07551 47.067789 40.15
20.909605 44.251525 40.8
27.038381 45.12686 24.2
19.631324 46.031883 35.92
20.407677 46.013335 32.0
21.058755 47.6001 36.22
21.340338 43.759394 29.5
25.85903 47.215464 26.0
26.229031 47.070091 18.3
26.91405 45.528027 18.0
27.3698 45.000319 14.7
22.8593081 43.238065 23.4
24.555063 43.364354 22.42
24.23263 43.73986 21.4
24.896009 43.37217 15.5
24.076226 48.014078 23.0
24.656969 47.3834 17.0
24.4000074 47.717513 19.9
26.16550304 44.6599 16.6
23.734661 48.13899 17.3
21.488386 47.839811 17.7
24.465005 42.295606 22.52