28.07198030177986 36.54052734375001 129.110000
28.43971381702788 34.93103027343751 25.850000
27.746746268526383 38.50708007812501 66.390000
27.96044306897833 34.82116699218751 29.400000
29.520890519025382 37.22167968750001 45.090000
27.60810470430411 39.50408935546876 32.500000
28.65203063036226 38.1390380859375 40.180000
28.53144857631924 38.79821777343751 25.330000
29.374994983220194 36.61468505859376 15.520000
28.9600886880068 35.16174316406251 36.440000
29.221699149280646 37.89184570312501 28.060000
26.86573079117768 37.04452514648438 13.770000
28.12043868710109 39.17312622070313 11.160000
26.997960763263023 37.39746093750001 16.740000
26.487782213238116 36.60644531250001 46.920000
25.60685599371504 36.99645996093751 58.890000
24.97609949369541 37.54302978515626 30.520000
24.669482313373848 37.09808349609376 24.960000
26.144959819851827 37.29995727539063 8.000000
24.989792261044727 37.10700988769532 10.570000
29.10177686626508 35.65612792968751 14.000000
25.34402602913433 37.64465332031251 12.260000
28.943265329407495 37.59521484375001 13.600000
25.686087780724858 37.68035888671876 9.030000
29.340284066450117 38.22830200195313 7.250000
28.27172992541998 39.00695800781251 9.890000
29.01054236062201 38.57574462890626 18.590000
28.776085346816238 38.60664367675781 7.780000
28.84407222509168 38.79066467285157 9.360000
27.090918424026473 39.18823242187501 33.070000
27.004078764047772 38.68148803710938 17.880000
27.071354789865012 38.415069580078125 9.310000
27.229599779629883 38.042221069335945 7.140000
27.90099025981739 39.24865722656251 8.420000